LV_Dice_0: 0.950066 || RV_Dice_0: 0.777163 || Myo_Dice_0: 0.834658
LV_Dice_1: 0.876949 || RV_Dice_1: 0.918423 || Myo_Dice_1: 0.799556
LV_Dice_2: 0.926331 || RV_Dice_2: 0.906197 || Myo_Dice_2: 0.792332
LV_Dice_3: 0.817063 || RV_Dice_3: 0.886360 || Myo_Dice_3: 0.760993
LV_Dice_4: 0.958378 || RV_Dice_4: 0.902097 || Myo_Dice_4: 0.857346
LV_Dice_5: 0.956850 || RV_Dice_5: 0.910600 || Myo_Dice_5: 0.850776
LV_Dice_6: 0.958520 || RV_Dice_6: 0.950548 || Myo_Dice_6: 0.847990
LV_Dice_7: 0.946002 || RV_Dice_7: 0.918047 || Myo_Dice_7: 0.742006
LV_Dice_8: 0.799270 || RV_Dice_8: 0.085001 || Myo_Dice_8: 0.624974
LV_Dice_9: 0.891333 || RV_Dice_9: 0.239851 || Myo_Dice_9: 0.749508
LV_Dice_10: 0.816578 || RV_Dice_10: 0.912330 || Myo_Dice_10: 0.769363
LV_Dice_11: 0.962885 || RV_Dice_11: 0.934541 || Myo_Dice_11: 0.860889
LV_Dice_12: 0.936823 || RV_Dice_12: 0.894514 || Myo_Dice_12: 0.796091
LV_Dice_13: 0.929164 || RV_Dice_13: 0.937758 || Myo_Dice_13: 0.836892
LV_Dice_14: 0.963459 || RV_Dice_14: 0.892947 || Myo_Dice_14: 0.863128
LV_Dice_15: 0.921030 || RV_Dice_15: 0.904630 || Myo_Dice_15: 0.785439
LV_Dice_16: 0.919434 || RV_Dice_16: 0.856178 || Myo_Dice_16: 0.777618
LV_Dice_17: 0.899829 || RV_Dice_17: 0.898863 || Myo_Dice_17: 0.770370
LV_Dice_18: 0.915571 || RV_Dice_18: 0.875476 || Myo_Dice_18: 0.762143
LV_Dice_19: 0.949259 || RV_Dice_19: 0.857240 || Myo_Dice_19: 0.885049
LV_Dice_20: 0.959211 || RV_Dice_20: 0.870869 || Myo_Dice_20: 0.820476
LV_Dice_21: 0.879079 || RV_Dice_21: 0.912097 || Myo_Dice_21: 0.752817
LV_Dice_22: 0.903046 || RV_Dice_22: 0.821317 || Myo_Dice_22: 0.812648
LV_Dice_23: 0.947877 || RV_Dice_23: 0.904028 || Myo_Dice_23: 0.826940
LV_Dice_24: 0.815044 || RV_Dice_24: 0.853636 || Myo_Dice_24: 0.661192
LV_Dice_25: 0.772054 || RV_Dice_25: 0.349428 || Myo_Dice_25: 0.737347
LV_Dice_26: 0.919395 || RV_Dice_26: 0.793266 || Myo_Dice_26: 0.814791
LV_Dice_27: 0.900952 || RV_Dice_27: 0.723197 || Myo_Dice_27: 0.755123
LV_Dice_28: 0.847621 || RV_Dice_28: 0.852352 || Myo_Dice_28: 0.758338
LV_Dice_29: 0.932028 || RV_Dice_29: 0.846032 || Myo_Dice_29: 0.871042
LV_Dice_30: 0.948980 || RV_Dice_30: 0.854773 || Myo_Dice_30: 0.851854
LV_Dice_31: 0.932210 || RV_Dice_31: 0.940845 || Myo_Dice_31: 0.848460
LV_Dice_32: 0.875651 || RV_Dice_32: 0.813933 || Myo_Dice_32: 0.754221
LV_Dice_33: 0.565808 || RV_Dice_33: 0.000000 || Myo_Dice_33: 0.675696
LV_Dice_34: 0.915647 || RV_Dice_34: 0.480660 || Myo_Dice_34: 0.763519
LV_Dice_35: 0.536595 || RV_Dice_35: 0.771962 || Myo_Dice_35: 0.567907
LV_Dice_36: 0.869941 || RV_Dice_36: 0.858687 || Myo_Dice_36: 0.838121
LV_Dice_37: 0.817430 || RV_Dice_37: 0.641071 || Myo_Dice_37: 0.796331
LV_Dice_38: 0.913725 || RV_Dice_38: 0.904333 || Myo_Dice_38: 0.852429
LV_Dice_39: 0.950689 || RV_Dice_39: 0.895340 || Myo_Dice_39: 0.865005
LV_Dice_40: 0.936821 || RV_Dice_40: 0.914689 || Myo_Dice_40: 0.830130
LV_Dice_41: 0.872627 || RV_Dice_41: 0.797063 || Myo_Dice_41: 0.774174
LV_Dice_42: 0.843989 || RV_Dice_42: 0.801533 || Myo_Dice_42: 0.639167
LV_Dice_43: 0.831253 || RV_Dice_43: 0.271461 || Myo_Dice_43: 0.735812
LV_Dice_44: 0.953291 || RV_Dice_44: 0.797653 || Myo_Dice_44: 0.884508
LV_Dice_45: 0.945691 || RV_Dice_45: 0.692785 || Myo_Dice_45: 0.807663
LV_Dice_46: 0.864620 || RV_Dice_46: 0.857445 || Myo_Dice_46: 0.735221
LV_Dice_47: 0.945029 || RV_Dice_47: 0.841705 || Myo_Dice_47: 0.808382
LV_Dice_48: 0.940757 || RV_Dice_48: 0.868819 || Myo_Dice_48: 0.819218
LV_Dice_49: 0.696177 || RV_Dice_49: 0.803013 || Myo_Dice_49: 0.652869
===============================================
LV_Dice_avg: 0.886560636713588 RV_Dice_avg: 0.7838550926292756 Myo_Dice_avg: 0.7855704237481254


cross_B : LV_Dice_avg: 0.8723402783739849 RV_Dice_avg: 0.8466419621639085 Myo_Dice_avg: 0.6679256827245271