LV_Dice_0: 0.957437 || RV_Dice_0: 0.854253 || Myo_Dice_0: 0.862991
LV_Dice_1: 0.626201 || RV_Dice_1: 0.509317 || Myo_Dice_1: 0.669183
LV_Dice_2: 0.883363 || RV_Dice_2: 0.670446 || Myo_Dice_2: 0.809181
LV_Dice_3: 0.946624 || RV_Dice_3: 0.695318 || Myo_Dice_3: 0.832978
LV_Dice_4: 0.881529 || RV_Dice_4: 0.854129 || Myo_Dice_4: 0.811550
LV_Dice_5: 0.880595 || RV_Dice_5: 0.898239 || Myo_Dice_5: 0.811019
LV_Dice_6: 0.889525 || RV_Dice_6: 0.878053 || Myo_Dice_6: 0.818989
LV_Dice_7: 0.870046 || RV_Dice_7: 0.851811 || Myo_Dice_7: 0.767471
LV_Dice_8: 0.748141 || RV_Dice_8: 0.560735 || Myo_Dice_8: 0.661344
LV_Dice_9: 0.763600 || RV_Dice_9: 0.472284 || Myo_Dice_9: 0.698378
LV_Dice_10: 0.405807 || RV_Dice_10: 0.489327 || Myo_Dice_10: 0.365689
LV_Dice_11: 0.892892 || RV_Dice_11: 0.814308 || Myo_Dice_11: 0.825654
LV_Dice_12: 0.779891 || RV_Dice_12: 0.689549 || Myo_Dice_12: 0.674567
LV_Dice_13: 0.773115 || RV_Dice_13: 0.932416 || Myo_Dice_13: 0.703807
LV_Dice_14: 0.895758 || RV_Dice_14: 0.961022 || Myo_Dice_14: 0.843026
LV_Dice_15: 0.847870 || RV_Dice_15: 0.812494 || Myo_Dice_15: 0.820766
LV_Dice_16: 0.872480 || RV_Dice_16: 0.948328 || Myo_Dice_16: 0.783685
LV_Dice_17: 0.898034 || RV_Dice_17: 0.825769 || Myo_Dice_17: 0.797716
LV_Dice_18: 0.875903 || RV_Dice_18: 0.572450 || Myo_Dice_18: 0.800341
LV_Dice_19: 0.965823 || RV_Dice_19: 0.806975 || Myo_Dice_19: 0.804236
LV_Dice_20: 0.966930 || RV_Dice_20: 0.757802 || Myo_Dice_20: 0.861217
LV_Dice_21: 0.822667 || RV_Dice_21: 0.924285 || Myo_Dice_21: 0.753273
LV_Dice_22: 0.971963 || RV_Dice_22: 0.873567 || Myo_Dice_22: 0.888216
LV_Dice_23: 0.951069 || RV_Dice_23: 0.829127 || Myo_Dice_23: 0.783577
LV_Dice_24: 0.852062 || RV_Dice_24: 0.661552 || Myo_Dice_24: 0.765141
LV_Dice_25: 0.618211 || RV_Dice_25: 0.614393 || Myo_Dice_25: 0.693254
LV_Dice_26: 0.781056 || RV_Dice_26: 0.454124 || Myo_Dice_26: 0.808624
LV_Dice_27: 0.954044 || RV_Dice_27: 0.686745 || Myo_Dice_27: 0.892360
LV_Dice_28: 0.858399 || RV_Dice_28: 0.649322 || Myo_Dice_28: 0.751433
LV_Dice_29: 0.908708 || RV_Dice_29: 0.813759 || Myo_Dice_29: 0.840374
LV_Dice_30: 0.961255 || RV_Dice_30: 0.777265 || Myo_Dice_30: 0.891866
LV_Dice_31: 0.799193 || RV_Dice_31: 0.949893 || Myo_Dice_31: 0.796368
LV_Dice_32: 0.877737 || RV_Dice_32: 0.779189 || Myo_Dice_32: 0.695260
LV_Dice_33: 0.769040 || RV_Dice_33: 0.666605 || Myo_Dice_33: 0.755358
LV_Dice_34: 0.831633 || RV_Dice_34: 0.538067 || Myo_Dice_34: 0.756303
LV_Dice_35: 0.358859 || RV_Dice_35: 0.666667 || Myo_Dice_35: 0.364478
LV_Dice_36: 0.928690 || RV_Dice_36: 0.751068 || Myo_Dice_36: 0.888423
LV_Dice_37: 0.773070 || RV_Dice_37: 0.564211 || Myo_Dice_37: 0.833335
LV_Dice_38: 0.758721 || RV_Dice_38: 0.838729 || Myo_Dice_38: 0.725934
LV_Dice_39: 0.958932 || RV_Dice_39: 0.909217 || Myo_Dice_39: 0.902959
LV_Dice_40: 0.823367 || RV_Dice_40: 0.870837 || Myo_Dice_40: 0.831064
LV_Dice_41: 0.952629 || RV_Dice_41: 0.856530 || Myo_Dice_41: 0.873949
LV_Dice_42: 0.739127 || RV_Dice_42: 0.558564 || Myo_Dice_42: 0.723975
LV_Dice_43: 0.892964 || RV_Dice_43: 0.554830 || Myo_Dice_43: 0.847585
LV_Dice_44: 0.795604 || RV_Dice_44: 0.741950 || Myo_Dice_44: 0.731632
LV_Dice_45: 0.947049 || RV_Dice_45: 0.671554 || Myo_Dice_45: 0.870855
LV_Dice_46: 0.933573 || RV_Dice_46: 0.909168 || Myo_Dice_46: 0.842566
LV_Dice_47: 0.873212 || RV_Dice_47: 0.738653 || Myo_Dice_47: 0.787895
LV_Dice_48: 0.880565 || RV_Dice_48: 0.924263 || Myo_Dice_48: 0.809233
LV_Dice_49: 0.633214 || RV_Dice_49: 0.625560 || Myo_Dice_49: 0.704485
===============================================
LV_Dice_avg: 0.8365635623066545 RV_Dice_avg: 0.745094367338626 Myo_Dice_avg: 0.7766712671823955